11. 1111111111111111111 sollemnium Latinorum.

1111 111 11111111 111 1111-11111111111166.
1111111111,160.66.

1111111 11 1111111111’111-11111111111111111160.
militia 111111 161111111111611611111·

1116660111166.

ι1166. 166. militiis, 1 166.

1111111 6. 66 111116. 60. militiis 1111111611, 1 166.

1111111111 66. municeps 60.

11. 116. municipium 66.

¹. 61. 166.
1111111611 60. 110.

11611, 1 66. Neptunalia 166.

3 1111111111, 1 60. 61. 11111111111116.

66. 161. 111111 0111111111 166.
11111111166.
novemdiale 1111111 166.

· 11111111111166.

ι11160. 11111111 161.

9111111 66.
0111111111 111.
· 111. optio 11. 11. 111.
,1111111111 11 116. 110111111116.166.
ordo 11111111 16. 66
116. ordo tentoria· 61.
’611 116. ordini· 11111111 66.

11 116. · 1111111111 111111111166.
116. 1111111111 1111111166.
160. 1111111111“1111 111111 111.
· 116. 111111161.

111. · mgna-11· 111.

160. 1131111 66.
11111. 11111111.

=· 66166. ἓ611161111166.

. 116. Puni· 166
· 166. ,1111111111111 116.

166. ’1111111111116166
160. 111111 66.

66. 160. 111111 1111111111 6616.

a 160. 1111111111116.66.
11160. 111111111 16. 61. 66.

··. 11111111111 110.

Ι1161. 11111111111111111111166.116.

1111116616.
311611 11111 66. 16.
1111111111,11(1111111166.,.11111111 6616

6. 1111111111 16.

1111μί11111 16.
11116. 111111111111111 116 1111111611 Aegypti,

’1111 16. 66. fl 111-11111111111111111111111 6111111111,
’66. , 111111111111111.1111111111 meotid-
66. ι 1111111111111116111111111 11111161-
’111111111160 1111111111 111611111111111.
1111111 1111111111 dignita 11111110111616ι ω
1 111
66. 161. plebiscitum 60.
1111. 1161111111.
..16.110. 611111111111111666
. · ·· 61. 66. 66. 1116111, 1111111111 11 60
- 66. ,11111111 61. 66 66. 10. 11. 116.

 

