*unam-»- ι-.. .

178 11. index vocabulorum sollemnium Latinorum.

0010010 vigilum 110. curator Musei Alexandrini 111.
001000111 00. 0010101 operum ublicorum 10. 101.
0010010 00. 0000100001 00011000) 01.
como· 0030011 10. cuntot 01000 00. “
comcs 0010100 10 cerarium 0 0000000010 cuntot ι11οἒ0 (0030100100 0001010000)
001000 (proconsulis) 01. ’001010111100110 100 100.
comilis 11. 00. 0010101 Viuo Lc' 100
comitis 001010 01. 0010101 vitrum 10. 100
comitio 0001001010 11. 10. 01, ’ 0010101 viuum Aureliae 011110000οή0
00001110 curiata 11. 01. 100. ,
comitio 00 1000001000 tribuum 01. 0000101 Victum 0100100, 0000100, 0100100,
000011101110010 11. 10. 01. Ciminia, 1100010100 100.
commentariensi· 111. cuntot 11000000 0001001000 01 0011000
0000100010ιὶ1ῃο 111. 1010110 100.
(1000110110 101. 001010111010110 10101100 01 ’1100011000
11011011οἵ11οῑ. 01. 00. 01. culillis. 00.
conscripti 1000010000 00 8001010 000- 00100100 10. 00
- scripti) 00. 00. - ’ cmi-tc 1⁸¹ 00.
consecratio 00. curione· 101.
contemtor oncri· humani 01. cuuto· 0100010100 100.
000011101100 lagano 10. {eustos 01010 00.
consiliario· (00010) 00. 00010000 principis, 00100110 100.
0000111000 0030011 10.
0000000110 101. · 1000010111 011111000 1001000010 00. 0001. -
0000010. 00. 010. 00. 10. 0000100111 03010 0101000010 000010 00-
eoum} 0100 0011030 10. 013000010 00. 00.
consul 0001300100 10. decemviri 1031000 0011000010 10 00, 00.
000001 0101001100 10. decemviri 000010 1001010010 100.
0000010, pro ⁸. decemviratu· 1030000 0011000010 00.
contulo· collecti (11100000) 10. 0000110 00.
0000010010 0. 11. 0000110 0000101010 00.
0000010110 0001010 sucturum 101. 00001100 0000101010, 10310000 (10100
0000010110 010110οἱ000 11. 1030010) 00.
contulum, 00100100 10101 11. 0000110 10. 00. 00. 00. 100.
0000010100 0. 10. 00. 10. 0000 01 00101000 00010 00.
0000010100 301000 0. 01010101 10. 10. 00. ⁸⁸. 01. 10.
000110 11. 00. 0101011011 000 0011000010 01 10100011·
cornicine· ⁸⁸. 100. 000 00 ’1000000 10.
0010100101100 100. 01010101 1001000100 10. '
corrector vid. 1030100 00 corrigendum 1110101010 10. 10.
01010100 0100 0111010010 100.
00000101 1101100 80. 0100 0100 100.
0001001011οι 00. 0100 0101 01 1011310000 100.
cubiculo, 0 00. 10. 0100 100100 100.
cun cubiculi 10. 0100 00100100 100.
curo 1001000011 00001 101. 0100 0011310000 100.
0000 libellorum 01 001010101000 11. 01301100 0000010010 11.
0000 1000001100 10. 01301100 0030001010 10. 00
0010 studiorum 10. 01301100 0000010110 00.
0010110 0000000 00. · 01301100 0010010110 01.
0010101 10. ’ ’10110 00000100 00.
0000101 0100 100. ’0010101 100.
0000100 0000000 10. dioececis 0100100100 00.
0010101 0000000 (imperio 1011101101 00. dim 01. ⁸⁸
0010101 0101100000 01. 0101 inpuluta ⁸⁸
cuntot 03003100 01. ’
0010101110100011 10. 101.
0010100 legum 0110001000 ⁸⁸. 00001000 ⁸⁸. ⁸⁸. 010 011000 um

 

