ss··., *q-

120 091111111- Ala

(199 9991199199919 (99991399 (10.0) 19γο 093. 13.
mn 9939 (Ι). 000 0400, 58.

09119119

99999319 9199 9999993199 (ΠΙ) 111 1191199ο 9 84 ut videtur
010. 5046. Tituli Aegyptii 101 110011 010. 47180, 33. 44. 47
99911199119911911199. Tit spuma 999 ineat] 99999 111
1883. Tit Urbanus 991 110911 009. V13008-1GR1142. , ’111
11999119 9911119911 0119017414. 111 (1993119019ηο 143 (9 05)
300. 455 (99991). 433 (99990). 833 (9 113).

ἕκατονταρχία 11).1199993999100199(9191)140(9ιο0)
483 (991 Antonini 733 (9 144) 741 (9 143 4) 833 (9 180)
0191139 lx 10. 1999319 01 10 117( VI 131. 0199. 019 XLVIII
43( 19111015. 8.

1991699939( (0) 0019 10 100. 53( 131, 8.

1999999913 (11) 13009313.
1639( (1) 0191391017( 775( vm 33-33 9191 01111999.

37( Brut 33 (111 videtur).

Wff 111 pspyrin· BGU. 141 (9 111). 044 (9999οΙ 10) 000 (9999 usui)
yaefffioffipm (9 307) 1140 (9 311) 1141 (9999 01) lm (9137).

1191939999. 999 commodi 9999191.99(9199999.1991919.
Ptpym 01 391011 9 411 01991911 Now 01999 3993. 91-Ρ.1990 705.

contum 09919111

mxpfflvplu 9399934996( (01)..111 11999199 991 119911 009.

cup 9199 319 (111) ’111 Lycaonius 9910199011 9910919919 010.
9991 -1919 111999. 19. Bithynicus 199. 111 91. (99199919-
399199 010. 4153. 111 Aegyptius 0119. 10 8038. 1113911199 111
0111 lx 303. 0191111199 9919119 11991199 In pspyriuz 000. 4. 833
(9999 0(ΙΠ). 01911190 Now 01199 1193. 51 (9 143) Lyd, 093.

np 9199 911( (Ι).’11119]0119991 0919991199 010. 3437. ’111111
99999999 clo. 49499. 49499 999. 111 pp 1191. 1199 199 mpp-
19999010443311133119999 19909910 3131. 111 0919119119 100
10373 01911199991911919991199919111 Inpnpyrin: 000 83 (9130)
119 (9 149). 99- 441 (9 119) 914 (9 911) 99991191. 199
(9 199( (9) 99 91 1999199 9919999 999 (9199) 991 (9199).
1013.1013(99990).1434(9133).19993111 110338( m
385( 11389191. Appinn Bc. lump 10115( 11389191.
0991019111111033. Herodinpvmm. 19γο 093143. mh

11910.. 19 31919. ...9

asp-um· 911ὥῖτ· {Qffdss'ssp «edum 00 0114 110910

19999 td! 9

199991 um. (9 991 1999999 9949, 9999. 9919) (19 99119119

ο.

 

