416666 vocabulorum Graecorum. 165

466646 46 6676 666666644666 66664666 116. inde, ἡ 16. 61.
466646ωπ66ἑ686661646646664666 464 666 4666· ῗππὲς 6646ιὲὴὴ 614..ἆοὶ6661,υ 6 46666. ὃ
6666.. xum na ππὰ.
{nugs ‘zum‘ 11446466666 146. 4ππᾶιᾶἐα 6646664466, 666666 646 6466 6464666.
6 ,6 6 . .
444646 Samum 41. 148. 4664441466661466666, 64 46 66 66.
466646 4π4 6666466 147. 4ππασ4α 6 76646 6664666466 161.
466646 464 6666666 6466666 664 π644666 466666 16. 66.
4666646147. 4666466666 vid. 66466 466646.
466676, 64146. lambe papatu 16. 61.
466616, 64 6466 146. 4ππ646 6466464666 117.
466616, 6 66646666 ἱερωσύνης 64 141. 766646, 64 6646446666 167.
466616, 6 H 6466646 61. 144. 466616 imme 666 ‘Popula 16. 66.
466616 64 666666646666 6646466666146. 4π6616 64 646 666 4π6466 4666666 66-
466616, 64 464 6676 46666676 ψηφοφορίαις 4666666 61.
πα 4666666666466646144. 466616, 64 664646666616.66.
4666666 ’141 466616 64 6646466666, 64 66.
466666646161. 466616 4664466666, 64 16. 66.
466666666611.11. 141. 466616, 6 ‚aspum 16. 66. ·
466666664 11. 66 666. 1. 466616 666 644666 16. 66.
4666666664 446 146. μ 466616 64 46 666 644666 66.
homone! 646 666 661 416646 66666π666466 ἔκπιες, 64 ωάπ4 666 6666664666 66.
. 6666666 .
4111614164,ῗῖᾰῖ..1 ‘³ 4424414 44 ω.
bognum, 666 4π66 664666 nd. 46τὰ 6666646 π66664666 646. montibu, 4666646.
Ιῦὤΐήὲξζη τῶν. 44164446Ϊῗ44641466τ6αξ446446ἕ44 4666 46·
hm 11. · 4πῖ4466ιᾶ6466 vid. 46466, 4ππιπ66.
46646 664 666466 11. 4ππικ66 vaesania«, 4666 vid. 6 ν. 6666.
46646 664 66166666466611. lxm 6, 64 16 666. 8. 61.
46646 6646666146 11. 4π66646 644666, 64 vid. 664666, 64 l:-
466666466611.11. 144. 141. 66646. ' ι
4666666666 11. 11. 111. 4666646 66666, 64 n& 64666, 64 4ππ6646.
1666646666 666 64πᾶ6666 666 46666 666· 4666666646 161.
666666 4666 146. 6666466646 76646 nummu 161.
6666646611. 141. ιππ6666646 66646666 Teo ,66666666
46666466 146. 664 4666 161.

46666466, 6 666 64664666 46666466 146. 46666, 64 home 646 66666666 66.

46666466, 6664666146. 4666 4666646 46 'mm 66666664666664
46666466 666 666666644666 6666666666- n 666 Σ6666666 66.

lammah-v. 4 666 66646666 61. 146. 46664646μ444φ “mm a·

hqaemte 86646164666, 4 666 66646666 4666646646 47.

4666646646, 6Ῥ66646147.
4666666, 'Eumelus 64666 616646 81. 4666644666 47.

44646666 11. 161. 4666644666 64466 vid. 6. v, 66466.

166666 11. 161. 46646, 6Ῥπ66466 68.

44666666666, 64 664 116.

416 (6446) 18. 11. 68. 118. 111. 111. 1466666646 16.

446 (64466) 111. ,66166646 66466 66. 161.
4666466666161. 4666166646 6446666666 664 6466666 666
4666664666 68. 61, 111. ξ 6π466166.

'luperam 141. ’66166666646 68.

iudom 16. 19. ⁷⁹. 144. 646. {mom 6666.

minz} (4666 66) 464 666 ’16666466 117. Ι 6666466 88. 116. 118.

lma 16 n. 6. 81. 111. 44661646646, 4 466666666666 118.
fnum ιο. 14. 16. 66. 164. 12⁶. 110100212262111725220m mmmm
4π666666 71. 116. . ε66164664666117.

 

